[gd_scene load_steps=2 format=2]

[ext_resource path="res://Models/Robot/Robot.escn" type="PackedScene" id=1]

[node name="Robot" instance=ExtResource( 1 )]

[node name="AnimationPlayer" parent="RobotArmature" index="0"]

autoplay = "Robot_Running"
_sections_unfolded = [ "Playback Options" ]

[node name="BoneAttachment" parent="RobotArmature" index="1"]

transform = Transform( 0.0336138, 0.971919, -0.232902, -0.957012, 0.0984744, 0.27282, 0.288093, 0.21372, 0.933448, 0.677955, 2.8132, -0.134088 )

[node name="ArmL" parent="RobotArmature/BoneAttachment" index="0"]

transform = Transform( -0.0656895, 0.0525771, 0.996453, 0.10077, 0.993855, -0.0457968, -0.992739, 0.0974038, -0.0705838, 0.0400112, -0.163376, 0.617577 )

[node name="BoneAttachment001" parent="RobotArmature" index="2"]

transform = Transform( 0.03312, -0.93539, 0.352062, -0.736404, 0.215321, 0.641363, -0.67573, -0.280501, -0.681694, -0.594602, 2.87936, 0.118694 )

[node name="ArmR" parent="RobotArmature/BoneAttachment001" index="0"]

transform = Transform( -0.00118008, -0.0644651, -0.217693, -0.0438732, 0.213657, -0.0630322, 0.222757, 0.0417393, -0.0135677, -0.0229083, 0.00509381, -0.409791 )

[node name="BoneAttachment002" parent="RobotArmature" index="3"]

transform = Transform( -1, 2.15749e-007, -2.93496e-007, 3.46028e-007, 0.814378, -0.580334, 1.1381e-007, -0.580334, -0.814378, 0.633527, 0.911695, 0.770525 )

[node name="BoneAttachment003" parent="RobotArmature" index="4"]

transform = Transform( -1, 1.78877e-006, -2.32382e-007, -1.73019e-006, -0.914774, 0.403965, 5.10022e-007, 0.403965, 0.914775, -0.640077, 1.71671, -1.38683 )

[node name="BoneAttachment004" parent="RobotArmature" index="7"]

transform = Transform( 0.994921, 0.0786061, -0.0628788, -0.0651519, 0.0266935, -0.997518, -0.0767326, 0.996548, 0.0316793, 0.117991, 3.52595, -0.00794379 )

[node name="Head" parent="RobotArmature/BoneAttachment004" index="0"]

transform = Transform( 0.999996, 0.00280534, 0.000109062, -5.63674e-005, -0.0187638, 0.999824, 0.00280694, -0.99982, -0.0187636, 0.0406179, 0.0670674, -0.335165 )

[node name="BoneAttachment005" parent="RobotArmature" index="8"]

transform = Transform( 0.919355, -0.353713, -0.172272, -0.258883, -0.873613, 0.412081, -0.296252, -0.334261, -0.894718, 0.6277, 1.98864, -0.188653 )

[node name="LegL" parent="RobotArmature/BoneAttachment005" index="0"]

transform = Transform( 0.999981, 0.00199891, 0.00578755, 0.0060775, -0.209273, -0.977831, -0.000743445, 0.977856, -0.209281, -0.00647306, 0.187741, -0.616836 )
_sections_unfolded = [ "Transform" ]

[node name="BoneAttachment006" parent="RobotArmature" index="9"]

transform = Transform( 0.936026, 0.329575, 0.123451, -0.344852, 0.788961, 0.50858, 0.0702177, -0.518636, 0.852121, -0.619012, 2.06833, 0.0591836 )

[node name="LegR" parent="RobotArmature/BoneAttachment006" index="0"]

transform = Transform( 0.999981, 0.001871, 0.00586677, 0.00610587, -0.177769, -0.984027, -0.000798233, 0.984071, -0.177774, 0.00647932, 0.177481, -0.582784 )
_sections_unfolded = [ "Transform" ]

[node name="BoneAttachment007" parent="RobotArmature" index="10"]

transform = Transform( 0.919356, -0.378557, 0.107169, -0.258883, -0.376986, 0.889321, -0.296252, -0.845346, -0.44457, 0.73296, 1.73686, 0.358026 )

[node name="LowerLegL" parent="RobotArmature/BoneAttachment007" index="0"]

transform = Transform( 0.999981, 0.00199893, 0.00578763, 0.00530049, 0.190558, -0.981655, -0.00306512, 0.981674, 0.19054, -0.00611609, -0.160538, -0.587648 )
_sections_unfolded = [ "Transform" ]

[node name="BoneAttachment008" parent="RobotArmature" index="11"]

transform = Transform( 0.936026, 0.347025, -0.0585942, -0.344852, 0.937643, 0.0440218, 0.0702175, -0.0210266, 0.997322, -0.694442, 1.75758, -0.461468 )

[node name="LowerLegR" parent="RobotArmature/BoneAttachment008" index="0"]

transform = Transform( 0.999981, 0.0018711, 0.00586647, 0.00540191, 0.190626, -0.981623, -0.002955, 0.981662, 0.1906, 0.00647932, -0.160471, -0.587657 )
_sections_unfolded = [ "Transform" ]

[node name="BoneAttachment009" parent="RobotArmature" index="12"]

transform = Transform( -0.918576, 0.194197, -0.344245, -0.3532, -0.0124136, 0.935466, 0.177391, 0.980883, 0.0799937, 0.649026, 2.89181, -0.127366 )

[node name="ShoulderL" parent="RobotArmature/BoneAttachment009" index="0"]

transform = Transform( -0.0259367, 0.999664, 4.36962e-008, -5.68434e-013, -4.37119e-008, 1, 0.999664, 0.0259367, 1.13371e-009, 0.0627744, -0.0193458, -0.139209 )
_sections_unfolded = [ "Transform", "material" ]

[node name="BoneAttachment010" parent="RobotArmature" index="13"]

transform = Transform( -0.85118, 0.194197, 0.487626, 0.494917, -0.0124125, 0.868851, 0.174781, 0.980884, -0.0855466, -0.544777, 2.96814, 0.109953 )

[node name="ShoulderR" parent="RobotArmature/BoneAttachment010" index="0"]

transform = Transform( -0.00985807, 0.999951, -1.1798e-006, -2.69271e-007, 1.21966e-006, 1, 0.999952, 0.00985822, 2.583e-007, -0.113888, -0.00415112, 0.115564 )

[node name="BoneAttachment011" parent="RobotArmature" index="14"]

transform = Transform( 0.978886, 0.194199, -0.0637856, -0.0625663, -0.0124124, -0.997964, -0.194596, 0.980883, -2.05009e-008, 0.0420345, 1.92965, 0.112672 )


