[gd_scene load_steps=6 format=2]

[ext_resource path="res://MyTheme.tres" type="Theme" id=1]
[ext_resource path="res://Scenes/Victory/Victory.gd" type="Script" id=2]
[ext_resource path="res://Scenes/Characters/Players/Robot.tscn" type="PackedScene" id=3]
[ext_resource path="res://Scenes/Victory/VictoryDance.gd" type="Script" id=4]
[ext_resource path="res://SFX/win.ogg" type="AudioStream" id=5]

[node name="Victory" type="Control"]

anchor_left = 0.0
anchor_top = 0.0
anchor_right = 1.0
anchor_bottom = 1.0
rect_pivot_offset = Vector2( 0, 0 )
rect_clip_content = false
mouse_filter = 0
mouse_default_cursor_shape = 0
size_flags_horizontal = 1
size_flags_vertical = 1
theme = ExtResource( 1 )
script = ExtResource( 2 )
_sections_unfolded = [ "Theme" ]

[node name="ColorRect" type="ColorRect" parent="." index="0"]

anchor_left = 0.0
anchor_top = 0.0
anchor_right = 1.0
anchor_bottom = 1.0
rect_pivot_offset = Vector2( 0, 0 )
rect_clip_content = false
mouse_filter = 0
mouse_default_cursor_shape = 0
size_flags_horizontal = 1
size_flags_vertical = 1
color = Color( 0.113281, 0.113281, 0.113281, 1 )

[node name="CenterContainer" type="CenterContainer" parent="." index="1"]

anchor_left = 0.0
anchor_top = 0.0
anchor_right = 1.0
anchor_bottom = 1.0
rect_pivot_offset = Vector2( 0, 0 )
rect_clip_content = false
mouse_filter = 0
mouse_default_cursor_shape = 0
size_flags_horizontal = 1
size_flags_vertical = 1
use_top_left = false

[node name="VBoxContainer" type="VBoxContainer" parent="CenterContainer" index="0"]

anchor_left = 0.0
anchor_top = 0.0
anchor_right = 0.0
anchor_bottom = 0.0
margin_left = 406.0
margin_top = 159.0
margin_right = 618.0
margin_bottom = 440.0
rect_pivot_offset = Vector2( 0, 0 )
rect_clip_content = false
mouse_filter = 1
mouse_default_cursor_shape = 0
size_flags_horizontal = 1
size_flags_vertical = 1
alignment = 1

[node name="Label" type="Label" parent="CenterContainer/VBoxContainer" index="0"]

anchor_left = 0.0
anchor_top = 0.0
anchor_right = 0.0
anchor_bottom = 0.0
margin_right = 212.0
margin_bottom = 23.0
rect_pivot_offset = Vector2( 0, 0 )
rect_clip_content = false
mouse_filter = 2
mouse_default_cursor_shape = 0
size_flags_horizontal = 1
size_flags_vertical = 4
text = "Victory is Yours!"
percent_visible = 1.0
lines_skipped = 0
max_lines_visible = -1

[node name="ViewportContainer" type="ViewportContainer" parent="CenterContainer/VBoxContainer" index="1"]

anchor_left = 0.0
anchor_top = 0.0
anchor_right = 0.0
anchor_bottom = 0.0
margin_top = 27.0
margin_right = 212.0
margin_bottom = 227.0
rect_pivot_offset = Vector2( 0, 0 )
rect_clip_content = false
mouse_filter = 0
mouse_default_cursor_shape = 0
size_flags_horizontal = 1
size_flags_vertical = 1
stretch = false
stretch_shrink = 1

[node name="Viewport" type="Viewport" parent="CenterContainer/VBoxContainer/ViewportContainer" index="0"]

arvr = false
size = Vector2( 200, 200 )
own_world = false
world = null
transparent_bg = true
msaa = 0
hdr = true
disable_3d = false
usage = 2
debug_draw = 0
render_target_v_flip = false
render_target_clear_mode = 0
render_target_update_mode = 3
audio_listener_enable_2d = false
audio_listener_enable_3d = false
physics_object_picking = false
gui_disable_input = false
gui_snap_controls_to_pixels = true
shadow_atlas_size = 0
shadow_atlas_quad_0 = 2
shadow_atlas_quad_1 = 2
shadow_atlas_quad_2 = 3
shadow_atlas_quad_3 = 4

[node name="Camera" type="Camera" parent="CenterContainer/VBoxContainer/ViewportContainer/Viewport" index="0"]

transform = Transform( 1, 0, 0, 0, 1, 0, 0, 0, 1, 0, 3, 5 )
keep_aspect = 1
cull_mask = 1048575
environment = null
h_offset = 0.0
v_offset = 0.0
doppler_tracking = 0
projection = 0
current = true
fov = 70.0
size = 1.0
near = 0.05
far = 100.0
_sections_unfolded = [ "Transform" ]

[node name="Robot" parent="CenterContainer/VBoxContainer/ViewportContainer/Viewport" index="1" instance=ExtResource( 3 )]

script = ExtResource( 4 )

[node name="AnimationPlayer" parent="CenterContainer/VBoxContainer/ViewportContainer/Viewport/Robot/RobotArmature" index="0"]

autoplay = "Robot_Dance"

[node name="BoneAttachment" parent="CenterContainer/VBoxContainer/ViewportContainer/Viewport/Robot/RobotArmature" index="1"]

transform = Transform( 0.419282, 0.0203311, -0.907628, -0.151608, 0.987278, -0.0479202, 0.895108, 0.157696, 0.41703, 0.617283, 2.32991, 0.245577 )

[node name="BoneAttachment001" parent="CenterContainer/VBoxContainer/ViewportContainer/Viewport/Robot/RobotArmature" index="2"]

transform = Transform( 0.11194, 0.0106911, 0.993657, -0.181547, 0.983333, 0.00987226, -0.97699, -0.1815, 0.112015, -0.681735, 2.31537, 0.241354 )

[node name="BoneAttachment002" parent="CenterContainer/VBoxContainer/ViewportContainer/Viewport/Robot/RobotArmature" index="3"]

transform = Transform( -1, 2.15749e-007, -2.93496e-007, 2.0612e-007, 0.999474, 0.0324216, 3.00337e-007, 0.0324217, -0.999474, 0.633527, 0.024694, -0.138034 )

[node name="BoneAttachment003" parent="CenterContainer/VBoxContainer/ViewportContainer/Viewport/Robot/RobotArmature" index="4"]

transform = Transform( -1, 1.64626e-006, -2.93497e-007, 1.63588e-006, 0.999474, 0.0324217, 3.46717e-007, 0.0324215, -0.999475, -0.640076, 0.024694, -0.138034 )

[node name="BoneAttachment004" parent="CenterContainer/VBoxContainer/ViewportContainer/Viewport/Robot/RobotArmature" index="7"]

transform = Transform( 0.911226, -0.0574973, 0.407873, 0.410655, 0.0496927, -0.910436, 0.0320792, 0.997107, 0.068893, -0.0171255, 2.97667, 0.439278 )

[node name="BoneAttachment005" parent="CenterContainer/VBoxContainer/ViewportContainer/Viewport/Robot/RobotArmature" index="8"]

transform = Transform( 0.991798, -0.126412, -0.0188862, 0.0106347, -0.0656385, 0.997797, -0.127367, -0.98985, -0.0637566, 0.630296, 1.55142, -0.0358003 )

[node name="BoneAttachment006" parent="CenterContainer/VBoxContainer/ViewportContainer/Viewport/Robot/RobotArmature" index="9"]

transform = Transform( 0.977949, 0.2073, 0.0253544, -0.0119047, -0.0658796, 0.997757, 0.208494, -0.976124, -0.0619581, -0.643307, 1.55142, -0.0358004 )

[node name="BoneAttachment007" parent="CenterContainer/VBoxContainer/ViewportContainer/Viewport/Robot/RobotArmature" index="10"]

transform = Transform( 0.991798, -0.127497, 0.00894388, 0.0106347, 0.152044, 0.988356, -0.127367, -0.980128, 0.15217, 0.641836, 0.94176, 0.00315531 )

[node name="BoneAttachment008" parent="CenterContainer/VBoxContainer/ViewportContainer/Viewport/Robot/RobotArmature" index="11"]

transform = Transform( 0.97795, 0.207972, -0.0189855, -0.0119047, 0.146257, 0.989215, 0.208494, -0.967164, 0.145535, -0.658798, 0.941785, 0.00205644 )

[node name="BoneAttachment009" parent="CenterContainer/VBoxContainer/ViewportContainer/Viewport/Robot/RobotArmature" index="12"]

transform = Transform( -0.911603, -1.75919e-006, -0.411072, -0.394754, -0.278953, 0.875417, -0.114672, 0.960304, 0.254294, 0.582738, 2.40348, 0.266947 )

[node name="BoneAttachment010" parent="CenterContainer/VBoxContainer/ViewportContainer/Viewport/Robot/RobotArmature" index="13"]

transform = Transform( -0.898185, -1.35013e-006, 0.439616, 0.422166, -0.278952, 0.862532, 0.122631, 0.960305, 0.250551, -0.636816, 2.40351, 0.266954 )

[node name="BoneAttachment011" parent="CenterContainer/VBoxContainer/ViewportContainer/Viewport/Robot/RobotArmature" index="14"]

transform = Transform( 1, 6.86856e-007, -1.9958e-007, -5.76271e-011, -0.278952, -0.960305, -7.15264e-007, 0.960305, -0.278952, 0.00205059, 1.40809, 0.112672 )

[node name="OmniLight" type="OmniLight" parent="CenterContainer/VBoxContainer/ViewportContainer/Viewport" index="2"]

transform = Transform( 1, 0, 0, 0, 1, 0, 0, 0, 1, 0, 4.34935, 3.20304 )
layers = 1
light_color = Color( 1, 1, 1, 1 )
light_energy = 4.0
light_indirect_energy = 1.0
light_negative = false
light_specular = 0.5
light_bake_mode = 1
light_cull_mask = -1
shadow_enabled = false
shadow_color = Color( 0, 0, 0, 1 )
shadow_bias = 0.15
shadow_contact = 0.0
shadow_reverse_cull_face = false
editor_only = false
omni_range = 5.0
omni_attenuation = 1.0
omni_shadow_mode = 1
omni_shadow_detail = 1
_sections_unfolded = [ "Light" ]

[node name="RestartButton" type="Button" parent="CenterContainer/VBoxContainer" index="2"]

anchor_left = 0.0
anchor_top = 0.0
anchor_right = 0.0
anchor_bottom = 0.0
margin_top = 231.0
margin_right = 212.0
margin_bottom = 254.0
rect_pivot_offset = Vector2( 0, 0 )
rect_clip_content = false
focus_mode = 2
mouse_filter = 0
mouse_default_cursor_shape = 0
size_flags_horizontal = 1
size_flags_vertical = 1
toggle_mode = false
enabled_focus_mode = 2
shortcut = null
group = null
text = "Once more!"
flat = false
align = 1

[node name="QuitButton" type="Button" parent="CenterContainer/VBoxContainer" index="3"]

anchor_left = 0.0
anchor_top = 0.0
anchor_right = 0.0
anchor_bottom = 0.0
margin_top = 258.0
margin_right = 212.0
margin_bottom = 281.0
rect_pivot_offset = Vector2( 0, 0 )
rect_clip_content = false
focus_mode = 2
mouse_filter = 0
mouse_default_cursor_shape = 0
size_flags_horizontal = 1
size_flags_vertical = 1
toggle_mode = false
enabled_focus_mode = 2
shortcut = null
group = null
text = "Enough!"
flat = false
align = 1

[node name="Music" type="AudioStreamPlayer" parent="." index="2"]

stream = ExtResource( 5 )
volume_db = -10.0
pitch_scale = 1.0
autoplay = true
mix_target = 0
bus = "Master"

[connection signal="pressed" from="CenterContainer/VBoxContainer/RestartButton" to="." method="_on_RestartButton_pressed"]

[connection signal="pressed" from="CenterContainer/VBoxContainer/QuitButton" to="." method="_on_QuitButton_pressed"]


[editable path="CenterContainer/VBoxContainer/ViewportContainer/Viewport/Robot"]
