[gd_scene load_steps=6 format=2]

[ext_resource path="res://MyTheme.tres" type="Theme" id=1]
[ext_resource path="res://scripts/Victory.gd" type="Script" id=2]
[ext_resource path="res://Scenes/Characters/Players/Robot.tscn" type="PackedScene" id=3]
[ext_resource path="res://scripts/VictoryDance.gd" type="Script" id=4]
[ext_resource path="res://SFX/win.ogg" type="AudioStream" id=5]

[node name="Victory" type="Control" index="0"]

anchor_left = 0.0
anchor_top = 0.0
anchor_right = 1.0
anchor_bottom = 1.0
rect_pivot_offset = Vector2( 0, 0 )
rect_clip_content = false
mouse_filter = 0
mouse_default_cursor_shape = 0
size_flags_horizontal = 1
size_flags_vertical = 1
theme = ExtResource( 1 )
script = ExtResource( 2 )
_sections_unfolded = [ "Theme" ]

[node name="ColorRect" type="ColorRect" parent="." index="0"]

anchor_left = 0.0
anchor_top = 0.0
anchor_right = 1.0
anchor_bottom = 1.0
rect_pivot_offset = Vector2( 0, 0 )
rect_clip_content = false
mouse_filter = 0
mouse_default_cursor_shape = 0
size_flags_horizontal = 1
size_flags_vertical = 1
color = Color( 0.113281, 0.113281, 0.113281, 1 )

[node name="CenterContainer" type="CenterContainer" parent="." index="1"]

anchor_left = 0.0
anchor_top = 0.0
anchor_right = 1.0
anchor_bottom = 1.0
rect_pivot_offset = Vector2( 0, 0 )
rect_clip_content = false
mouse_filter = 0
mouse_default_cursor_shape = 0
size_flags_horizontal = 1
size_flags_vertical = 1
use_top_left = false

[node name="VBoxContainer" type="VBoxContainer" parent="CenterContainer" index="0"]

anchor_left = 0.0
anchor_top = 0.0
anchor_right = 0.0
anchor_bottom = 0.0
margin_left = 406.0
margin_top = 159.0
margin_right = 618.0
margin_bottom = 440.0
rect_pivot_offset = Vector2( 0, 0 )
rect_clip_content = false
mouse_filter = 1
mouse_default_cursor_shape = 0
size_flags_horizontal = 1
size_flags_vertical = 1
alignment = 1

[node name="Label" type="Label" parent="CenterContainer/VBoxContainer" index="0"]

anchor_left = 0.0
anchor_top = 0.0
anchor_right = 0.0
anchor_bottom = 0.0
margin_right = 212.0
margin_bottom = 23.0
rect_pivot_offset = Vector2( 0, 0 )
rect_clip_content = false
mouse_filter = 2
mouse_default_cursor_shape = 0
size_flags_horizontal = 1
size_flags_vertical = 4
text = "Victory is Yours!"
percent_visible = 1.0
lines_skipped = 0
max_lines_visible = -1

[node name="ViewportContainer" type="ViewportContainer" parent="CenterContainer/VBoxContainer" index="1"]

anchor_left = 0.0
anchor_top = 0.0
anchor_right = 0.0
anchor_bottom = 0.0
margin_top = 27.0
margin_right = 212.0
margin_bottom = 227.0
rect_pivot_offset = Vector2( 0, 0 )
rect_clip_content = false
mouse_filter = 0
mouse_default_cursor_shape = 0
size_flags_horizontal = 1
size_flags_vertical = 1
stretch = false
stretch_shrink = 1

[node name="Viewport" type="Viewport" parent="CenterContainer/VBoxContainer/ViewportContainer" index="0"]

arvr = false
size = Vector2( 200, 200 )
own_world = false
world = null
transparent_bg = true
msaa = 0
hdr = true
disable_3d = false
usage = 2
debug_draw = 0
render_target_v_flip = false
render_target_clear_mode = 0
render_target_update_mode = 3
audio_listener_enable_2d = false
audio_listener_enable_3d = false
physics_object_picking = false
gui_disable_input = false
gui_snap_controls_to_pixels = true
shadow_atlas_size = 0
shadow_atlas_quad_0 = 2
shadow_atlas_quad_1 = 2
shadow_atlas_quad_2 = 3
shadow_atlas_quad_3 = 4

[node name="Camera" type="Camera" parent="CenterContainer/VBoxContainer/ViewportContainer/Viewport" index="0"]

transform = Transform( 1, 0, 0, 0, 1, 0, 0, 0, 1, 0, 3, 5 )
keep_aspect = 1
cull_mask = 1048575
environment = null
h_offset = 0.0
v_offset = 0.0
doppler_tracking = 0
projection = 0
current = true
fov = 70.0
size = 1.0
near = 0.05
far = 100.0
_sections_unfolded = [ "Transform" ]

[node name="Robot" parent="CenterContainer/VBoxContainer/ViewportContainer/Viewport" index="1" instance=ExtResource( 3 )]

script = ExtResource( 4 )

[node name="RobotArmature" parent="CenterContainer/VBoxContainer/ViewportContainer/Viewport/Robot" index="0"]

bones/1/bound_children = [ NodePath("BoneAttachment002") ]
bones/2/bound_children = [ NodePath("BoneAttachment011") ]
bones/7/bound_children = [ NodePath("BoneAttachment004") ]
bones/8/bound_children = [ NodePath("BoneAttachment009") ]
bones/9/bound_children = [ NodePath("BoneAttachment") ]
bones/22/bound_children = [ NodePath("BoneAttachment010") ]
bones/23/bound_children = [ NodePath("BoneAttachment001") ]
bones/37/bound_children = [ NodePath("BoneAttachment005") ]
bones/38/bound_children = [ NodePath("BoneAttachment007") ]
bones/39/bound_children = [ NodePath("BoneAttachment003") ]
bones/41/bound_children = [ NodePath("BoneAttachment006") ]
bones/42/bound_children = [ NodePath("BoneAttachment008") ]

[node name="AnimationPlayer" parent="CenterContainer/VBoxContainer/ViewportContainer/Viewport/Robot/RobotArmature" index="0"]

autoplay = "Robot_Dance"

[node name="BoneAttachment" parent="CenterContainer/VBoxContainer/ViewportContainer/Viewport/Robot/RobotArmature" index="1"]

transform = Transform( -0.0564262, 0.0120857, -0.998333, 0.0680234, 0.99765, 0.00823249, 0.996087, -0.0674447, -0.0571156, 0.666745, 2.43728, -0.0168432 )

[node name="BoneAttachment001" parent="CenterContainer/VBoxContainer/ViewportContainer/Viewport/Robot/RobotArmature" index="2"]

transform = Transform( -0.059884, -0.0283931, 0.997801, -0.264981, 0.964185, 0.0115335, -0.962391, -0.263708, -0.0652628, -0.738989, 2.43851, -0.0168432 )

[node name="BoneAttachment002" parent="CenterContainer/VBoxContainer/ViewportContainer/Viewport/Robot/RobotArmature" index="3"]

transform = Transform( -1, 2.15749e-007, -2.93496e-007, 2.0612e-007, 0.999474, 0.0324216, 3.00337e-007, 0.0324217, -0.999474, 0.633527, 0.024694, -0.138034 )

[node name="BoneAttachment003" parent="CenterContainer/VBoxContainer/ViewportContainer/Viewport/Robot/RobotArmature" index="4"]

transform = Transform( -1, 1.64626e-006, -2.93497e-007, 1.63588e-006, 0.999474, 0.0324217, 3.46717e-007, 0.0324215, -0.999475, -0.640076, 0.024694, -0.138034 )

[node name="BoneAttachment004" parent="CenterContainer/VBoxContainer/ViewportContainer/Viewport/Robot/RobotArmature" index="7"]

transform = Transform( 0.999996, -5.63962e-005, 0.00280693, 0.00280538, -0.0187642, -0.99982, 0.000109056, 0.999824, -0.018764, 6.14762e-009, 3.03846, -0.0107013 )

[node name="BoneAttachment005" parent="CenterContainer/VBoxContainer/ViewportContainer/Viewport/Robot/RobotArmature" index="8"]

transform = Transform( 1, -5.21525e-007, -2.88221e-008, -6.37748e-008, -0.176683, 0.984268, -5.18403e-007, -0.984274, -0.176683, 0.630296, 1.5368, -0.0698894 )

[node name="BoneAttachment006" parent="CenterContainer/VBoxContainer/ViewportContainer/Viewport/Robot/RobotArmature" index="9"]

transform = Transform( 1, 4.47292e-007, -2.88221e-008, 1.07397e-007, -0.176683, 0.984268, 4.35164e-007, -0.984274, -0.176683, -0.643307, 1.5368, -0.0698895 )

[node name="BoneAttachment007" parent="CenterContainer/VBoxContainer/ViewportContainer/Viewport/Robot/RobotArmature" index="10"]

transform = Transform( 1, -2.54154e-007, 3.50088e-009, 4.47876e-008, 0.189744, 0.981834, -2.5019e-007, -0.98184, 0.189746, 0.630296, 0.935406, 0.0380651 )

[node name="BoneAttachment008" parent="CenterContainer/VBoxContainer/ViewportContainer/Viewport/Robot/RobotArmature" index="11"]

transform = Transform( 1, -2.01132e-007, -5.3216e-008, 9.04119e-008, 0.189744, 0.981834, -1.87384e-007, -0.98184, 0.189746, -0.643307, 0.935406, 0.038065 )

[node name="BoneAttachment009" parent="CenterContainer/VBoxContainer/ViewportContainer/Viewport/Robot/RobotArmature" index="12"]

transform = Transform( -0.0262237, 2.39866e-007, -0.999656, -0.999656, -2.22027e-006, 0.0262235, -2.91318e-006, 0.999999, 3.12459e-007, 0.582738, 2.43949, -0.0168432 )

[node name="BoneAttachment010" parent="CenterContainer/VBoxContainer/ViewportContainer/Viewport/Robot/RobotArmature" index="13"]

transform = Transform( -0.00985826, -2.69916e-007, 0.999951, 0.999951, 7.59959e-007, 0.00985831, -1.02818e-006, 1, 2.61236e-007, -0.636816, 2.43952, -0.0168431 )

[node name="BoneAttachment011" parent="CenterContainer/VBoxContainer/ViewportContainer/Viewport/Robot/RobotArmature" index="14"]

transform = Transform( 1, 7.15256e-007, 0, 0, 0, -1, -7.15256e-007, 1, 0, 0.00205059, 1.44057, 0.112672 )

[node name="OmniLight" type="OmniLight" parent="CenterContainer/VBoxContainer/ViewportContainer/Viewport" index="2"]

transform = Transform( 1, 0, 0, 0, 1, 0, 0, 0, 1, 0, 4.34935, 3.20304 )
layers = 1
light_color = Color( 1, 1, 1, 1 )
light_energy = 4.0
light_indirect_energy = 1.0
light_negative = false
light_specular = 0.5
light_bake_mode = 1
light_cull_mask = -1
shadow_enabled = false
shadow_color = Color( 0, 0, 0, 1 )
shadow_bias = 0.15
shadow_contact = 0.0
shadow_reverse_cull_face = false
editor_only = false
omni_range = 5.0
omni_attenuation = 1.0
omni_shadow_mode = 1
omni_shadow_detail = 1
_sections_unfolded = [ "Light" ]

[node name="RestartButton" type="Button" parent="CenterContainer/VBoxContainer" index="2"]

anchor_left = 0.0
anchor_top = 0.0
anchor_right = 0.0
anchor_bottom = 0.0
margin_top = 231.0
margin_right = 212.0
margin_bottom = 254.0
rect_pivot_offset = Vector2( 0, 0 )
rect_clip_content = false
focus_mode = 2
mouse_filter = 0
mouse_default_cursor_shape = 0
size_flags_horizontal = 1
size_flags_vertical = 1
toggle_mode = false
enabled_focus_mode = 2
shortcut = null
group = null
text = "Once more!"
flat = false
align = 1

[node name="QuitButton" type="Button" parent="CenterContainer/VBoxContainer" index="3"]

anchor_left = 0.0
anchor_top = 0.0
anchor_right = 0.0
anchor_bottom = 0.0
margin_top = 258.0
margin_right = 212.0
margin_bottom = 281.0
rect_pivot_offset = Vector2( 0, 0 )
rect_clip_content = false
focus_mode = 2
mouse_filter = 0
mouse_default_cursor_shape = 0
size_flags_horizontal = 1
size_flags_vertical = 1
toggle_mode = false
enabled_focus_mode = 2
shortcut = null
group = null
text = "Enough!"
flat = false
align = 1

[node name="Music" type="AudioStreamPlayer" parent="." index="2"]

stream = ExtResource( 5 )
volume_db = -10.0
pitch_scale = 1.0
autoplay = true
mix_target = 0
bus = "Master"

[connection signal="pressed" from="CenterContainer/VBoxContainer/RestartButton" to="." method="_on_RestartButton_pressed"]

[connection signal="pressed" from="CenterContainer/VBoxContainer/QuitButton" to="." method="_on_QuitButton_pressed"]


[editable path="CenterContainer/VBoxContainer/ViewportContainer/Viewport/Robot"]
