[gd_scene load_steps=4 format=2]

[ext_resource path="res://Scenes/DefaultTheme.tres" type="Theme" id=1]
[ext_resource path="res://Scripts/GameOver.gd" type="Script" id=2]
[ext_resource path="res://Scenes/Characters/Robot/Robot.tscn" type="PackedScene" id=3]

[node name="VictoryScreen" type="Control" index="0"]

anchor_left = 0.0
anchor_top = 0.0
anchor_right = 1.0
anchor_bottom = 1.0
rect_pivot_offset = Vector2( 0, 0 )
rect_clip_content = false
mouse_filter = 0
mouse_default_cursor_shape = 0
size_flags_horizontal = 1
size_flags_vertical = 1
theme = ExtResource( 1 )
script = ExtResource( 2 )
_sections_unfolded = [ "Theme" ]

[node name="ColorRect" type="ColorRect" parent="." index="0"]

anchor_left = 0.0
anchor_top = 0.0
anchor_right = 1.0
anchor_bottom = 1.0
rect_pivot_offset = Vector2( 0, 0 )
rect_clip_content = false
mouse_filter = 0
mouse_default_cursor_shape = 0
size_flags_horizontal = 1
size_flags_vertical = 1
color = Color( 0.160156, 0.160156, 0.160156, 1 )

[node name="CenterContainer" type="CenterContainer" parent="." index="1"]

anchor_left = 0.0
anchor_top = 0.0
anchor_right = 1.0
anchor_bottom = 1.0
rect_pivot_offset = Vector2( 0, 0 )
rect_clip_content = false
mouse_filter = 0
mouse_default_cursor_shape = 0
size_flags_horizontal = 1
size_flags_vertical = 1
use_top_left = false

[node name="VBoxContainer" type="VBoxContainer" parent="CenterContainer" index="0"]

anchor_left = 0.0
anchor_top = 0.0
anchor_right = 0.0
anchor_bottom = 0.0
margin_left = 242.0
margin_top = 99.0
margin_right = 781.0
margin_bottom = 501.0
rect_pivot_offset = Vector2( 0, 0 )
rect_clip_content = false
mouse_filter = 1
mouse_default_cursor_shape = 0
size_flags_horizontal = 1
size_flags_vertical = 1
alignment = 0

[node name="Label" type="Label" parent="CenterContainer/VBoxContainer" index="0"]

anchor_left = 0.0
anchor_top = 0.0
anchor_right = 0.0
anchor_bottom = 0.0
margin_right = 539.0
margin_bottom = 30.0
rect_pivot_offset = Vector2( 0, 0 )
rect_clip_content = false
mouse_filter = 2
mouse_default_cursor_shape = 0
size_flags_horizontal = 1
size_flags_vertical = 4
text = "You Have Been Defeated!"
align = 1
percent_visible = 1.0
lines_skipped = 0
max_lines_visible = -1

[node name="CenterContainer" type="CenterContainer" parent="CenterContainer/VBoxContainer" index="1"]

anchor_left = 0.0
anchor_top = 0.0
anchor_right = 0.0
anchor_bottom = 0.0
margin_top = 34.0
margin_right = 539.0
margin_bottom = 334.0
rect_pivot_offset = Vector2( 0, 0 )
rect_clip_content = false
mouse_filter = 0
mouse_default_cursor_shape = 0
size_flags_horizontal = 1
size_flags_vertical = 1
use_top_left = false

[node name="ViewportContainer" type="ViewportContainer" parent="CenterContainer/VBoxContainer/CenterContainer" index="0"]

anchor_left = 0.0
anchor_top = 0.0
anchor_right = 0.0
anchor_bottom = 0.0
margin_left = 119.0
margin_right = 419.0
margin_bottom = 300.0
rect_pivot_offset = Vector2( 0, 0 )
rect_clip_content = false
mouse_filter = 0
mouse_default_cursor_shape = 0
size_flags_horizontal = 1
size_flags_vertical = 1
stretch = false
stretch_shrink = 1
_sections_unfolded = [ "Rect", "Visibility" ]

[node name="Viewport" type="Viewport" parent="CenterContainer/VBoxContainer/CenterContainer/ViewportContainer" index="0"]

arvr = false
size = Vector2( 300, 300 )
own_world = false
world = null
transparent_bg = true
msaa = 0
hdr = true
disable_3d = false
usage = 2
debug_draw = 0
render_target_v_flip = false
render_target_clear_mode = 0
render_target_update_mode = 3
audio_listener_enable_2d = false
audio_listener_enable_3d = false
physics_object_picking = false
gui_disable_input = false
gui_snap_controls_to_pixels = true
shadow_atlas_size = 0
shadow_atlas_quad_0 = 2
shadow_atlas_quad_1 = 2
shadow_atlas_quad_2 = 3
shadow_atlas_quad_3 = 4

[node name="Robot" parent="CenterContainer/VBoxContainer/CenterContainer/ViewportContainer/Viewport" index="0" instance=ExtResource( 3 )]

script = null

[node name="RobotArmature" parent="CenterContainer/VBoxContainer/CenterContainer/ViewportContainer/Viewport/Robot" index="4"]

editor/display_folded = false
bones/1/bound_children = [ NodePath("BoneAttachment002") ]
bones/2/bound_children = [ NodePath("BoneAttachment011") ]
bones/7/bound_children = [ NodePath("BoneAttachment004") ]
bones/8/bound_children = [ NodePath("BoneAttachment009") ]
bones/9/bound_children = [ NodePath("BoneAttachment") ]
bones/22/bound_children = [ NodePath("BoneAttachment010") ]
bones/23/bound_children = [ NodePath("BoneAttachment001") ]
bones/37/bound_children = [ NodePath("BoneAttachment005") ]
bones/38/bound_children = [ NodePath("BoneAttachment007") ]
bones/39/bound_children = [ NodePath("BoneAttachment003") ]
bones/41/bound_children = [ NodePath("BoneAttachment006") ]
bones/42/bound_children = [ NodePath("BoneAttachment008") ]

[node name="AnimationPlayer" parent="CenterContainer/VBoxContainer/CenterContainer/ViewportContainer/Viewport/Robot/RobotArmature" index="0"]

autoplay = "Robot_Dance"

[node name="BoneAttachment" parent="CenterContainer/VBoxContainer/CenterContainer/ViewportContainer/Viewport/Robot/RobotArmature" index="1"]

transform = Transform( 0.0367191, 0.903648, -0.426698, -0.17517, 0.426195, 0.887509, 0.983853, 0.0421567, 0.173943, 0.617283, 2.33039, -0.0168433 )

[node name="BoneAttachment001" parent="CenterContainer/VBoxContainer/CenterContainer/ViewportContainer/Viewport/Robot/RobotArmature" index="2"]

transform = Transform( 0.209987, -0.874529, 0.437155, -0.256283, 0.382255, 0.887807, -0.943516, -0.298464, -0.143858, -0.681735, 2.31525, -0.0168432 )

[node name="BoneAttachment002" parent="CenterContainer/VBoxContainer/CenterContainer/ViewportContainer/Viewport/Robot/RobotArmature" index="3"]

transform = Transform( -1, 2.15749e-007, -2.93496e-007, 2.0612e-007, 0.999474, 0.0324216, 3.00337e-007, 0.0324217, -0.999474, 0.633527, 0.024694, -0.138034 )

[node name="BoneAttachment003" parent="CenterContainer/VBoxContainer/CenterContainer/ViewportContainer/Viewport/Robot/RobotArmature" index="4"]

transform = Transform( -1, 1.64626e-006, -2.93497e-007, 1.63588e-006, 0.999474, 0.0324217, 3.46717e-007, 0.0324215, -0.999475, -0.640076, 0.024694, -0.138034 )

[node name="BoneAttachment004" parent="CenterContainer/VBoxContainer/CenterContainer/ViewportContainer/Viewport/Robot/RobotArmature" index="7"]

transform = Transform( 0.997166, -0.0394549, 0.0640559, 0.0630781, -0.0255472, -0.997681, 0.0409999, 0.998895, -0.022986, -0.0171258, 3.00552, -0.0112467 )

[node name="BoneAttachment005" parent="CenterContainer/VBoxContainer/CenterContainer/ViewportContainer/Viewport/Robot/RobotArmature" index="8"]

transform = Transform( 0.990419, -0.129433, -0.0481404, 0.00851019, -0.290752, 0.956774, -0.137829, -0.948052, -0.286857, 0.630296, 1.50432, -0.0698895 )

[node name="BoneAttachment006" parent="CenterContainer/VBoxContainer/CenterContainer/ViewportContainer/Viewport/Robot/RobotArmature" index="9"]

transform = Transform( 0.974406, 0.212627, 0.0729703, -0.00821938, -0.290719, 0.956779, 0.224639, -0.932954, -0.281515, -0.643307, 1.50432, -0.0698895 )

[node name="BoneAttachment007" parent="CenterContainer/VBoxContainer/CenterContainer/ViewportContainer/Viewport/Robot/RobotArmature" index="10"]

transform = Transform( 0.990419, -0.135178, 0.0282206, 0.00851033, 0.263692, 0.9646, -0.137828, -0.955099, 0.262354, 0.65971, 0.91972, 0.105382 )

[node name="BoneAttachment008" parent="CenterContainer/VBoxContainer/CenterContainer/ViewportContainer/Viewport/Robot/RobotArmature" index="11"]

transform = Transform( 0.974406, 0.218807, -0.0515364, -0.00821947, 0.263739, 0.964582, 0.224638, -0.939473, 0.258846, -0.687892, 0.919716, 0.102118 )

[node name="BoneAttachment009" parent="CenterContainer/VBoxContainer/CenterContainer/ViewportContainer/Viewport/Robot/RobotArmature" index="12"]

transform = Transform( -0.911603, -1.73079e-006, -0.411072, -0.411072, -1.24425e-006, 0.911603, -2.38046e-006, 0.999999, 1.06543e-006, 0.582738, 2.407, -0.0168432 )

[node name="BoneAttachment010" parent="CenterContainer/VBoxContainer/CenterContainer/ViewportContainer/Viewport/Robot/RobotArmature" index="13"]

transform = Transform( -0.898185, -1.32173e-006, 0.439616, 0.439616, -1.63913e-007, 0.898186, -1.22935e-006, 1, 4.91738e-007, -0.636816, 2.40703, -0.0168432 )

[node name="BoneAttachment011" parent="CenterContainer/VBoxContainer/CenterContainer/ViewportContainer/Viewport/Robot/RobotArmature" index="14"]

transform = Transform( 1, 7.15256e-007, -5.82076e-011, -5.82076e-011, 0, -1, -7.15256e-007, 1, 4.16333e-017, 0.00205059, 1.40809, 0.112672 )

[node name="OmniLight" type="OmniLight" parent="CenterContainer/VBoxContainer/CenterContainer/ViewportContainer/Viewport" index="1"]

transform = Transform( 1, 0, 0, 0, 1, 0, 0, 0, 1, 0.985589, 1.15108, 1.94457 )
layers = 1
light_color = Color( 0.859375, 0.712509, 0.322266, 1 )
light_energy = 3.0
light_indirect_energy = 1.0
light_negative = false
light_specular = 0.5
light_bake_mode = 1
light_cull_mask = -1
shadow_enabled = false
shadow_color = Color( 0, 0, 0, 1 )
shadow_bias = 0.15
shadow_contact = 0.0
shadow_reverse_cull_face = false
editor_only = false
omni_range = 5.0
omni_attenuation = 1.0
omni_shadow_mode = 1
omni_shadow_detail = 1
_sections_unfolded = [ "Light" ]

[node name="Camera" type="Camera" parent="CenterContainer/VBoxContainer/CenterContainer/ViewportContainer/Viewport" index="2"]

transform = Transform( 1, 0, 0, 0, 1, 0, 0, 0, 1, 0, 1.25, 3 )
keep_aspect = 1
cull_mask = 1048575
environment = null
h_offset = 0.0
v_offset = 0.0
doppler_tracking = 0
projection = 0
current = false
fov = 70.0
size = 1.0
near = 0.05
far = 100.0
_sections_unfolded = [ "Transform" ]

[node name="DirectionalLight" type="DirectionalLight" parent="CenterContainer/VBoxContainer/CenterContainer/ViewportContainer/Viewport" index="3"]

transform = Transform( 0.763578, 0.379131, -0.522693, -0.0981998, 0.868245, 0.48632, 0.638204, -0.320015, 0.700204, -4.09291, 2.41741, 4.26771 )
layers = 1
light_color = Color( 0.191437, 0.480469, 0.473695, 1 )
light_energy = 2.0
light_indirect_energy = 1.0
light_negative = false
light_specular = 0.5
light_bake_mode = 1
light_cull_mask = -1
shadow_enabled = false
shadow_color = Color( 0, 0, 0, 1 )
shadow_bias = 0.1
shadow_contact = 0.0
shadow_reverse_cull_face = false
editor_only = false
directional_shadow_mode = 2
directional_shadow_split_1 = 0.1
directional_shadow_split_2 = 0.2
directional_shadow_split_3 = 0.5
directional_shadow_blend_splits = false
directional_shadow_normal_bias = 0.8
directional_shadow_bias_split_scale = 0.25
directional_shadow_depth_range = 0
directional_shadow_max_distance = 200.0
_sections_unfolded = [ "Light" ]

[node name="CenterContainer2" type="CenterContainer" parent="CenterContainer/VBoxContainer" index="2"]

anchor_left = 0.0
anchor_top = 0.0
anchor_right = 0.0
anchor_bottom = 0.0
margin_top = 338.0
margin_right = 539.0
margin_bottom = 402.0
rect_pivot_offset = Vector2( 0, 0 )
rect_clip_content = false
mouse_filter = 0
mouse_default_cursor_shape = 0
size_flags_horizontal = 1
size_flags_vertical = 1
use_top_left = false

[node name="GridContainer" type="GridContainer" parent="CenterContainer/VBoxContainer/CenterContainer2" index="0"]

anchor_left = 0.0
anchor_top = 0.0
anchor_right = 0.0
anchor_bottom = 0.0
margin_right = 539.0
margin_bottom = 64.0
rect_pivot_offset = Vector2( 0, 0 )
rect_clip_content = false
mouse_filter = 1
mouse_default_cursor_shape = 0
size_flags_horizontal = 1
size_flags_vertical = 1
columns = 2

[node name="Label" type="Label" parent="CenterContainer/VBoxContainer/CenterContainer2/GridContainer" index="0"]

anchor_left = 0.0
anchor_top = 0.0
anchor_right = 0.0
anchor_bottom = 0.0
margin_right = 505.0
margin_bottom = 30.0
rect_pivot_offset = Vector2( 0, 0 )
rect_clip_content = false
mouse_filter = 2
mouse_default_cursor_shape = 0
size_flags_horizontal = 1
size_flags_vertical = 4
text = "Once more!"
align = 2
percent_visible = 1.0
lines_skipped = 0
max_lines_visible = -1

[node name="RestartButton" type="Button" parent="CenterContainer/VBoxContainer/CenterContainer2/GridContainer" index="1"]

anchor_left = 0.0
anchor_top = 0.0
anchor_right = 0.0
anchor_bottom = 0.0
margin_left = 509.0
margin_right = 539.0
margin_bottom = 30.0
rect_min_size = Vector2( 30, 30 )
rect_pivot_offset = Vector2( 0, 0 )
rect_clip_content = false
focus_mode = 2
mouse_filter = 0
mouse_default_cursor_shape = 0
size_flags_horizontal = 1
size_flags_vertical = 1
toggle_mode = false
enabled_focus_mode = 2
shortcut = null
group = null
flat = false
align = 1
_sections_unfolded = [ "Rect", "Size Flags" ]

[node name="Label2" type="Label" parent="CenterContainer/VBoxContainer/CenterContainer2/GridContainer" index="2"]

anchor_left = 0.0
anchor_top = 0.0
anchor_right = 0.0
anchor_bottom = 0.0
margin_top = 34.0
margin_right = 505.0
margin_bottom = 64.0
rect_pivot_offset = Vector2( 0, 0 )
rect_clip_content = false
mouse_filter = 2
mouse_default_cursor_shape = 0
size_flags_horizontal = 1
size_flags_vertical = 4
text = "Victory is Mine!  I'm out of here!"
percent_visible = 1.0
lines_skipped = 0
max_lines_visible = -1

[node name="QuitButton" type="Button" parent="CenterContainer/VBoxContainer/CenterContainer2/GridContainer" index="3"]

anchor_left = 0.0
anchor_top = 0.0
anchor_right = 0.0
anchor_bottom = 0.0
margin_left = 509.0
margin_top = 34.0
margin_right = 539.0
margin_bottom = 64.0
rect_min_size = Vector2( 30, 30 )
rect_pivot_offset = Vector2( 0, 0 )
rect_clip_content = false
focus_mode = 2
mouse_filter = 0
mouse_default_cursor_shape = 0
size_flags_horizontal = 1
size_flags_vertical = 1
toggle_mode = false
enabled_focus_mode = 2
shortcut = null
group = null
flat = false
align = 1
_sections_unfolded = [ "Rect" ]

[connection signal="pressed" from="CenterContainer/VBoxContainer/CenterContainer2/GridContainer/RestartButton" to="." method="_on_RestartButton_pressed"]

[connection signal="pressed" from="CenterContainer/VBoxContainer/CenterContainer2/GridContainer/QuitButton" to="." method="_on_QuitButton_pressed"]


[editable path="CenterContainer/VBoxContainer/CenterContainer/ViewportContainer/Viewport/Robot"]
[editable path="CenterContainer/VBoxContainer/CenterContainer/ViewportContainer/Viewport/Robot/RobotArmature"]
