[gd_scene load_steps=6 format=2]

[ext_resource path="res://MyTheme.tres" type="Theme" id=1]
[ext_resource path="res://Scenes/GameOver/GameOver.gd" type="Script" id=2]
[ext_resource path="res://Scenes/Characters/Robot.tscn" type="PackedScene" id=3]
[ext_resource path="res://SFX/GameOver.ogg" type="AudioStream" id=4]

[sub_resource type="Environment" id=1]

background_mode = 0
background_sky_custom_fov = 0.0
background_color = Color( 0, 0, 0, 1 )
background_energy = 1.0
background_canvas_max_layer = 0
ambient_light_color = Color( 0, 0, 0, 1 )
ambient_light_energy = 1.0
ambient_light_sky_contribution = 0.0
fog_enabled = false
fog_color = Color( 0.5, 0.6, 0.7, 1 )
fog_sun_color = Color( 1, 0.9, 0.7, 1 )
fog_sun_amount = 0.0
fog_depth_enabled = true
fog_depth_begin = 10.0
fog_depth_curve = 1.0
fog_transmit_enabled = false
fog_transmit_curve = 1.0
fog_height_enabled = false
fog_height_min = 0.0
fog_height_max = 100.0
fog_height_curve = 1.0
tonemap_mode = 0
tonemap_exposure = 1.0
tonemap_white = 1.0
auto_exposure_enabled = false
auto_exposure_scale = 0.4
auto_exposure_min_luma = 0.05
auto_exposure_max_luma = 8.0
auto_exposure_speed = 0.5
ss_reflections_enabled = false
ss_reflections_max_steps = 64
ss_reflections_fade_in = 0.15
ss_reflections_fade_out = 2.0
ss_reflections_depth_tolerance = 0.2
ss_reflections_roughness = true
ssao_enabled = false
ssao_radius = 1.0
ssao_intensity = 1.0
ssao_radius2 = 0.0
ssao_intensity2 = 1.0
ssao_bias = 0.01
ssao_light_affect = 0.0
ssao_color = Color( 0, 0, 0, 1 )
ssao_quality = 0
ssao_blur = 3
ssao_edge_sharpness = 4.0
dof_blur_far_enabled = false
dof_blur_far_distance = 10.0
dof_blur_far_transition = 5.0
dof_blur_far_amount = 0.1
dof_blur_far_quality = 1
dof_blur_near_enabled = false
dof_blur_near_distance = 2.0
dof_blur_near_transition = 1.0
dof_blur_near_amount = 0.1
dof_blur_near_quality = 1
glow_enabled = false
glow_levels/1 = false
glow_levels/2 = false
glow_levels/3 = true
glow_levels/4 = false
glow_levels/5 = true
glow_levels/6 = false
glow_levels/7 = false
glow_intensity = 0.8
glow_strength = 1.0
glow_bloom = 0.0
glow_blend_mode = 2
glow_hdr_threshold = 1.0
glow_hdr_scale = 2.0
glow_bicubic_upscale = false
adjustment_enabled = false
adjustment_brightness = 1.0
adjustment_contrast = 1.0
adjustment_saturation = 1.0
_sections_unfolded = [ "Ambient Light", "SS Reflections" ]

[node name="GameOver" type="Control" index="0"]

anchor_left = 0.0
anchor_top = 0.0
anchor_right = 1.0
anchor_bottom = 1.0
rect_pivot_offset = Vector2( 0, 0 )
rect_clip_content = false
mouse_filter = 0
mouse_default_cursor_shape = 0
size_flags_horizontal = 1
size_flags_vertical = 1
theme = ExtResource( 1 )
script = ExtResource( 2 )
_sections_unfolded = [ "Theme" ]

[node name="ColorRect" type="ColorRect" parent="." index="0"]

anchor_left = 0.0
anchor_top = 0.0
anchor_right = 1.0
anchor_bottom = 1.0
rect_pivot_offset = Vector2( 0, 0 )
rect_clip_content = false
mouse_filter = 0
mouse_default_cursor_shape = 0
size_flags_horizontal = 1
size_flags_vertical = 1
color = Color( 0.113281, 0.113281, 0.113281, 1 )

[node name="CenterContainer" type="CenterContainer" parent="." index="1"]

anchor_left = 0.0
anchor_top = 0.0
anchor_right = 1.0
anchor_bottom = 1.0
rect_pivot_offset = Vector2( 0, 0 )
rect_clip_content = false
mouse_filter = 0
mouse_default_cursor_shape = 0
size_flags_horizontal = 1
size_flags_vertical = 1
use_top_left = false

[node name="VBoxContainer" type="VBoxContainer" parent="CenterContainer" index="0"]

anchor_left = 0.0
anchor_top = 0.0
anchor_right = 0.0
anchor_bottom = 0.0
margin_left = 397.0
margin_top = 151.0
margin_right = 627.0
margin_bottom = 449.0
rect_pivot_offset = Vector2( 0, 0 )
rect_clip_content = false
mouse_filter = 1
mouse_default_cursor_shape = 0
size_flags_horizontal = 1
size_flags_vertical = 1
alignment = 0

[node name="Label" type="Label" parent="CenterContainer/VBoxContainer" index="0"]

anchor_left = 0.0
anchor_top = 0.0
anchor_right = 0.0
anchor_bottom = 0.0
margin_right = 230.0
margin_bottom = 61.0
rect_pivot_offset = Vector2( 0, 0 )
rect_clip_content = false
mouse_filter = 2
mouse_default_cursor_shape = 0
size_flags_horizontal = 1
size_flags_vertical = 4
text = "Oh No! 
You have been defeated!"
align = 1
percent_visible = 1.0
lines_skipped = 0
max_lines_visible = -1

[node name="ViewportContainer" type="ViewportContainer" parent="CenterContainer/VBoxContainer" index="1"]

anchor_left = 0.0
anchor_top = 0.0
anchor_right = 0.0
anchor_bottom = 0.0
margin_top = 65.0
margin_right = 230.0
margin_bottom = 265.0
rect_pivot_offset = Vector2( 0, 0 )
rect_clip_content = false
mouse_filter = 0
mouse_default_cursor_shape = 0
size_flags_horizontal = 1
size_flags_vertical = 1
stretch = false
stretch_shrink = 1
_sections_unfolded = [ "Rect", "Size Flags" ]

[node name="Viewport" type="Viewport" parent="CenterContainer/VBoxContainer/ViewportContainer" index="0"]

arvr = false
size = Vector2( 200, 200 )
own_world = false
world = null
transparent_bg = true
msaa = 0
hdr = true
disable_3d = false
usage = 2
debug_draw = 0
render_target_v_flip = false
render_target_clear_mode = 0
render_target_update_mode = 3
audio_listener_enable_2d = false
audio_listener_enable_3d = false
physics_object_picking = false
gui_disable_input = false
gui_snap_controls_to_pixels = true
shadow_atlas_size = 0
shadow_atlas_quad_0 = 2
shadow_atlas_quad_1 = 2
shadow_atlas_quad_2 = 3
shadow_atlas_quad_3 = 4
_sections_unfolded = [ "Rendering" ]

[node name="Camera" type="Camera" parent="CenterContainer/VBoxContainer/ViewportContainer/Viewport" index="0"]

transform = Transform( 1, 0, 0, 0, 1, 0, 0, 0, 1, -0.203752, 2.80318, 4 )
keep_aspect = 1
cull_mask = 1048575
environment = SubResource( 1 )
h_offset = 0.0
v_offset = 0.0
doppler_tracking = 0
projection = 0
current = true
fov = 70.0
size = 1.0
near = 0.05
far = 100.0
_sections_unfolded = [ "Transform" ]

[node name="Robot" parent="CenterContainer/VBoxContainer/ViewportContainer/Viewport" index="1" instance=ExtResource( 3 )]

[node name="RobotArmature" parent="CenterContainer/VBoxContainer/ViewportContainer/Viewport/Robot" index="0"]

bones/1/bound_children = [ NodePath("BoneAttachment002") ]
bones/2/bound_children = [ NodePath("BoneAttachment011") ]
bones/7/bound_children = [ NodePath("BoneAttachment004") ]
bones/8/bound_children = [ NodePath("BoneAttachment009") ]
bones/9/bound_children = [ NodePath("BoneAttachment") ]
bones/22/bound_children = [ NodePath("BoneAttachment010") ]
bones/23/bound_children = [ NodePath("BoneAttachment001") ]
bones/37/bound_children = [ NodePath("BoneAttachment005") ]
bones/38/bound_children = [ NodePath("BoneAttachment007") ]
bones/39/bound_children = [ NodePath("BoneAttachment003") ]
bones/41/bound_children = [ NodePath("BoneAttachment006") ]
bones/42/bound_children = [ NodePath("BoneAttachment008") ]

[node name="AnimationPlayer" parent="CenterContainer/VBoxContainer/ViewportContainer/Viewport/Robot/RobotArmature" index="0"]

autoplay = "Robot_ThumbsUp"

[node name="BoneAttachment" parent="CenterContainer/VBoxContainer/ViewportContainer/Viewport/Robot/RobotArmature" index="1"]

transform = Transform( 0.0367199, 0.903648, -0.426698, -0.175172, 0.426195, 0.887509, 0.983851, 0.0421566, 0.173944, 0.617283, 2.33039, -0.0168435 )

[node name="BoneAttachment001" parent="CenterContainer/VBoxContainer/ViewportContainer/Viewport/Robot/RobotArmature" index="2"]

transform = Transform( 0.209988, -0.874529, 0.437155, -0.256282, 0.382255, 0.887807, -0.943515, -0.298463, -0.143858, -0.681735, 2.31526, -0.0168434 )

[node name="BoneAttachment002" parent="CenterContainer/VBoxContainer/ViewportContainer/Viewport/Robot/RobotArmature" index="3"]

transform = Transform( -1, 2.15749e-007, -2.93496e-007, 2.0612e-007, 0.999474, 0.0324216, 3.00337e-007, 0.0324217, -0.999474, 0.633527, 0.024694, -0.138034 )

[node name="BoneAttachment003" parent="CenterContainer/VBoxContainer/ViewportContainer/Viewport/Robot/RobotArmature" index="4"]

transform = Transform( -1, 1.64626e-006, -2.93497e-007, 1.63588e-006, 0.999474, 0.0324217, 3.46717e-007, 0.0324215, -0.999475, -0.640076, 0.024694, -0.138034 )

[node name="BoneAttachment004" parent="CenterContainer/VBoxContainer/ViewportContainer/Viewport/Robot/RobotArmature" index="7"]

transform = Transform( 0.997931, -0.0397531, 0.0505244, 0.052055, 0.038458, -0.997902, 0.0377267, 0.998467, 0.0404482, -0.0171258, 3.00552, -0.0112471 )

[node name="BoneAttachment005" parent="CenterContainer/VBoxContainer/ViewportContainer/Viewport/Robot/RobotArmature" index="8"]

transform = Transform( 0.992255, -0.116352, -0.0435295, 0.00787763, -0.290796, 0.956778, -0.12397, -0.949764, -0.287614, 0.630296, 1.50432, -0.0698895 )

[node name="BoneAttachment006" parent="CenterContainer/VBoxContainer/ViewportContainer/Viewport/Robot/RobotArmature" index="9"]

transform = Transform( 0.979294, 0.191541, 0.0655451, -0.00718253, -0.290729, 0.956805, 0.202304, -0.937529, -0.283317, -0.643307, 1.50431, -0.0698896 )

[node name="BoneAttachment007" parent="CenterContainer/VBoxContainer/ViewportContainer/Viewport/Robot/RobotArmature" index="10"]

transform = Transform( 0.992255, -0.121642, 0.0251836, 0.00787775, 0.263888, 0.964591, -0.12397, -0.956865, 0.262868, 0.656893, 0.919718, 0.105845 )

[node name="BoneAttachment008" parent="CenterContainer/VBoxContainer/ViewportContainer/Viewport/Robot/RobotArmature" index="11"]

transform = Transform( 0.979293, 0.196988, -0.0466442, -0.00718262, 0.264014, 0.964582, 0.202303, -0.944202, 0.260043, -0.683355, 0.9197, 0.103219 )

[node name="BoneAttachment009" parent="CenterContainer/VBoxContainer/ViewportContainer/Viewport/Robot/RobotArmature" index="12"]

transform = Transform( -0.911603, -1.73079e-006, -0.411072, -0.411072, -1.51247e-006, 0.911603, -2.2985e-006, 0.999998, 8.79169e-007, 0.582738, 2.407, -0.0168434 )

[node name="BoneAttachment010" parent="CenterContainer/VBoxContainer/ViewportContainer/Viewport/Robot/RobotArmature" index="13"]

transform = Transform( -0.898185, -1.32173e-006, 0.439616, 0.439616, -4.32134e-007, 0.898185, -1.31503e-006, 0.999999, 3.20375e-007, -0.636816, 2.40703, -0.0168434 )

[node name="BoneAttachment011" parent="CenterContainer/VBoxContainer/ViewportContainer/Viewport/Robot/RobotArmature" index="14"]

transform = Transform( 1, 7.15256e-007, -5.82076e-011, -5.82076e-011, 0, -1, -7.15256e-007, 1, 4.16333e-017, 0.00205059, 1.40809, 0.112672 )

[node name="SpotLight" type="OmniLight" parent="CenterContainer/VBoxContainer/ViewportContainer/Viewport" index="2"]

transform = Transform( 0.715597, -0.182908, 0.674141, 0, 0.965108, 0.261853, -0.698514, -0.187381, 0.690628, 5.21607, 5.17361, 5.61274 )
layers = 1
light_color = Color( 0.0692749, 0.675972, 0.886719, 1 )
light_energy = 2.0
light_indirect_energy = 1.0
light_negative = false
light_specular = 0.5
light_bake_mode = 1
light_cull_mask = -1
shadow_enabled = false
shadow_color = Color( 0, 0, 0, 1 )
shadow_bias = 0.15
shadow_contact = 0.0
shadow_reverse_cull_face = false
editor_only = false
omni_range = 10.0
omni_attenuation = 1.0
omni_shadow_mode = 1
omni_shadow_detail = 1
_sections_unfolded = [ "Light", "Omni", "Spot" ]

[node name="SpotLight2" type="SpotLight" parent="CenterContainer/VBoxContainer/ViewportContainer/Viewport" index="3"]

transform = Transform( 0.816344, -0.166396, -0.553078, 0.0420908, 0.972194, -0.230363, 0.576031, 0.164776, 0.800648, -3.29744, 1.96327, 4.77733 )
layers = 1
light_color = Color( 0.980469, 0.688674, 0.275757, 1 )
light_energy = 2.0
light_indirect_energy = 1.0
light_negative = false
light_specular = 0.5
light_bake_mode = 1
light_cull_mask = -1
shadow_enabled = false
shadow_color = Color( 0, 0, 0, 1 )
shadow_bias = 0.15
shadow_contact = 0.0
shadow_reverse_cull_face = false
editor_only = false
spot_range = 14.0
spot_attenuation = 1.0
spot_angle = 25.4839
spot_angle_attenuation = 1.0
_sections_unfolded = [ "Light", "Spot" ]

[node name="OmniLight" type="OmniLight" parent="CenterContainer/VBoxContainer/ViewportContainer/Viewport" index="4"]

transform = Transform( 1, 0, 0, 0, 1, 0, 0, 0, 1, 0, 2.79489, -3.57131 )
layers = 1
light_color = Color( 0.0503643, 0.0344391, 0.238281, 1 )
light_energy = 1.0
light_indirect_energy = 1.0
light_negative = false
light_specular = 0.5
light_bake_mode = 1
light_cull_mask = -1
shadow_enabled = false
shadow_color = Color( 0, 0, 0, 1 )
shadow_bias = 0.15
shadow_contact = 0.0
shadow_reverse_cull_face = false
editor_only = false
omni_range = 5.0
omni_attenuation = 1.0
omni_shadow_mode = 1
omni_shadow_detail = 1
_sections_unfolded = [ "Light" ]

[node name="Button" type="Button" parent="CenterContainer/VBoxContainer" index="2"]

anchor_left = 0.0
anchor_top = 0.0
anchor_right = 0.0
anchor_bottom = 0.0
margin_top = 269.0
margin_right = 230.0
margin_bottom = 298.0
rect_pivot_offset = Vector2( 0, 0 )
rect_clip_content = false
focus_mode = 2
mouse_filter = 0
mouse_default_cursor_shape = 0
size_flags_horizontal = 1
size_flags_vertical = 1
toggle_mode = false
enabled_focus_mode = 2
shortcut = null
group = null
text = "I demand a rematch!"
flat = false
align = 1

[node name="AudioStreamPlayer" type="AudioStreamPlayer" parent="." index="2"]

stream = ExtResource( 4 )
volume_db = -10.0
pitch_scale = 1.0
autoplay = true
mix_target = 0
bus = "Master"

[connection signal="pressed" from="CenterContainer/VBoxContainer/Button" to="." method="_on_Button_pressed"]


[editable path="CenterContainer/VBoxContainer/ViewportContainer/Viewport/Robot"]
